 config file for SmoothLife

 any line that doesn't start with 1, 2 or 3 is ignored

 dimension 1/2/3
 time step mode 0 = discrete  1,2 = smooth
 ra rr rb dt
 b1 b2 d1 d2
 sigmode  1-4
 sigtype  0-9
 mixtype  0-7
 sn sm

 starting params (first line):

2 1   54.0  3.0  10.0  0.140   0.181  0.403  0.503  0.677   4 4 4   0.028  0.147    // multiscale 1
2 1   18.0  3.0  10.0  0.140   0.181  0.403  0.503  0.677   4 4 4   0.028  0.147    // multiscale 1
2 1    6.0  3.0  10.0  0.140   0.181  0.403  0.503  0.677   4 4 4   0.028  0.147    // multiscale 1


 old:

2 1   54.0  3.0  10.0  0.140   0.181  0.403  0.503  0.677   4 4 4   0.028  0.147    // multiscale 1
2 1   18.0  3.0  10.0  0.140   0.181  0.403  0.503  0.677   4 4 4   0.028  0.147    // multiscale 1
2 1    6.0  3.0  10.0  0.140   0.181  0.403  0.503  0.677   4 4 4   0.028  0.147    // multiscale 1

2 1   54.0  3.0  10.0  0.093   0.181  0.403  0.503  0.677   4 4 4   0.028  0.147    // multiscale 2
2 1   18.0  3.0  10.0  0.111   0.174  0.411  0.503  0.677   2 4 4   0.028  0.147    // multiscale 2
2 1    6.0  3.0  10.0  0.083   0.181  0.403  0.503  0.677   4 4 4   0.028  0.147    // multiscale 2

2 1   54.0  3.0  10.0  0.073   0.140  0.356  0.379  0.470   4 4 4   0.028  0.147    // multiscale 3
2 1   18.0  3.0  10.0  0.087   0.371  0.473  0.163  0.547   4 4 4   0.028  0.147    // multiscale 3
2 1    6.0  3.0  10.0  0.076   0.181  0.407  0.333  0.477   4 4 4   0.028  0.147    // multiscale 3


 new stuff:

